image: added_obstacle_map2.pgm
resolution: 0.050000
origin: [-47.700000, -49.70000, 0.000000]
negate: 0
occupied_thresh: 0.65
free_thresh: 0.196

